0.408452
0.105628
0.136143
0.102692
0.192761
0.103101
0.168547
0.121677
0.200393
0.186282
0.116594
0.111495
0.159475
0.157026
0.111384
0.110734
0.171174
0.101135
0.151068
0.103062
0.101201
0.146044
0.101194
0.184252
0.100936
0.101305
0.172682
0.120829
0.17091
0.113554
0.171975
0.101929
0.157328
0.103307
0.135996
0.101011
0.100913
0.172184
0.101375
0.181228
0.101257
0.167023
0.102942
0.15516
0.10137
0.137181
0.101106
0.136474
0.100796
0.157249
0.10142
0.155339
0.101191
0.159146
0.101453
0.156511
0.101008
0.157867
0.100696
0.146914
0.101365
0.101339
0.153856
0.113624
0.151769
0.100754
0.172881
0.118514
0.173323
0.101249
0.136481
0.100865
0.157926
0.101506
0.149126
0.101202
0.14635
0.101891
0.155084
0.101614
0.157571
0.101908
0.155253
0.101231
0.162301
0.103251
0.183132
0.103476
0.171328
0.111613
0.165869
0.112316
0.110949
0.164847
0.111144
0.182202
0.112306
0.153794
0.111194
0.163913
0.113209
0.158837
0.116912
0.120436
0.114391
0.174168
0.113772
0.114254
0.173118
0.117577
0.118876
0.161793
0.117185
0.11502
0.168826
0.11145
0.117333
0.157105
0.103333
0.157977
0.100801
0.149903
0.1011
0.149037
0.100833
0.182853
0.102509
0.100847
0.186289
0.103618
0.114878
0.163852
0.10149
0.109596
0.187653
0.116478
0.113184
0.151193
0.105374
0.114582
0.172422
0.11249
0.115767
0.111215
0.158675
0.10432
0.113088
0.17629
0.111342
0.111271
0.176895
0.111198
0.160124
0.111979
0.116692
0.116257
0.143253
0.127188
0.11146
0.128298
0.162767
0.167474
0.113218
0.119623
0.127999
0.185355
0.102191
0.159844
0.120619
0.113007
0.121442
0.16678
0.118732
0.118688
0.122206
0.119306
0.153638
0.123597
0.123877
0.112504
0.126943
0.123553
0.133283
0.122472
0.12912
0.15348
0.104659
0.112641
0.198033
0.122146
0.11549
