0.285725
0.027874
0.053772
0.025598
0.050387
0.025688
0.055981
0.027919
0.054684
0.027018
0.059421
0.030354
0.02677
0.057933
0.026594
0.057001
0.028295
0.055661
0.037144
0.076528
0.026553
0.054661
0.026611
0.054946
0.026582
0.056934
0.036866
0.078616
0.034121
0.055717
0.027696
0.053492
0.025923
0.05275
0.027248
0.057326
0.027426
0.057575
0.02754
0.065304
0.028251
0.055843
0.028247
0.057869
0.027078
0.056259
0.02726
0.056075
0.027039
0.026865
0.056935
0.027027
0.027466
0.056824
0.027179
0.058449
0.027926
0.066623
0.033077
0.056641
0.028711
0.05933
0.027528
0.056928
0.027792
0.05828
0.036207
0.077666
0.036362
0.06894
0.02668
0.054449
0.026396
0.053318
0.025805
0.052756
0.026032
0.084013
0.028555
0.065237
0.028663
0.054955
0.0274
0.0553
0.025636
0.057134
0.026539
0.055132
0.028833
0.054573
0.026679
0.054374
0.026468
0.054472
0.026771
0.053565
0.025956
0.052964
0.026118
0.051423
0.025895
0.053305
0.026045
0.053077
0.026062
0.052935
0.025976
0.053307
0.025867
0.052865
0.02598
0.053025
0.026029
0.053129
0.025982
0.053896
0.027969
0.052836
0.028873
0.07056
0.037065
0.070431
0.030111
0.057341
0.035879
0.077321
0.035913
0.073694
0.027903
0.055592
0.026983
0.055803
0.026794
0.055708
0.027033
0.055911
0.026781
0.055564
0.026772
0.055201
0.026985
0.058027
0.027451
0.057485
0.03607
0.076764
0.036021
0.065732
0.026275
0.054522
0.026283
0.054467
0.026487
0.05417
0.025868
0.052529
0.025801
0.052316
0.025818
0.052282
0.025839
0.052266
0.025766
0.05256
0.026022
0.052585
0.025868
0.052725
0.026017
0.052433
0.025768
0.052449
0.027798
0.061927
0.026596
0.064861
0.030048
0.066807
0.029965
0.061966
0.02569
0.057272
0.025693
0.054374
0.027351
0.062135
0.043487
0.054521
0.026059
0.053259
0.025971
0.053217
0.02631
0.055114
0.027825
0.057139
0.027958
0.058563
0.028156
0.062966
0.030259
0.056879
0.025926
0.052611
0.025894
0.025891
0.037504
0.025707
0.052628
0.025902
0.052429
0.025625
0.052621
0.025618
0.052275
0.025134
0.051176
0.024788
0.051618
0.025054
0.051772
0.025834
0.054622
0.028365
0.058147
0.027961
0.06414
0.028224
0.0551
0.025674
0.052701
0.025571
0.054958
0.031464
0.060539
0.026394
0.057348
0.028141
0.055494
0.025837
0.053075
0.025759
0.05288
0.025564
0.052577
0.02585
0.052699
0.029369
0.055394
0.02806
0.058261
0.025804
0.052914
0.025624
0.052825
0.02592
0.052876
0.02561
0.052749
0.207437
0.05998
0.035695
0.065402
0.031201
0.057916
0.030539
0.063418
0.030623
0.072667
0.033657
0.062472
0.051732
0.060608
0.029074
0.060367
0.029274
0.060075
0.029166
0.060052
0.029217
0.06034
0.029497
0.060776
0.029113
0.060825
0.029316
0.068375
0.031387
0.066042
0.035029
0.055589
0.030436
0.053214
0.040975
0.067636
0.032688
0.063729
0.031344
0.067601
0.031363
0.065283
0.030326
0.06307
0.031079
0.091325
0.033481
0.079013
0.032776
0.059098
0.03114
0.06516
0.030406
0.063137
0.030552
0.063687
