0.406053
0.124262
0.170408
0.115445
0.169643
0.114857
0.116363
0.175817
0.102323
0.160578
0.101813
0.160296
0.101229
0.17441
0.112536
0.167923
0.114064
0.163584
0.10134
0.169845
0.110985
0.177153
0.116769
0.146262
0.103489
0.160544
0.106652
0.166135
0.11518
0.194969
0.114411
0.164164
0.120438
0.154478
0.110136
0.161778
0.115006
0.16864
0.113316
0.199991
0.10055
0.156401
0.101932
0.166642
0.114919
0.15922
0.114978
0.184456
0.117945
0.170048
0.115249
0.180302
0.111199
0.16733
0.112327
0.170728
0.116396
0.162858
0.112296
0.184938
0.113657
0.149655
0.11001
0.166545
0.111537
0.160006
0.102315
0.185049
0.110528
0.153186
0.110538
0.169544
0.100796
0.17217
0.1039
0.178837
0.113553
0.152596
0.110162
0.169078
0.103321
0.156528
0.101135
0.195539
0.116102
0.173686
0.122183
0.167771
0.114126
0.159971
0.111382
0.184908
0.111958
0.172053
0.115279
0.167046
0.113542
0.161405
0.11365
0.175271
0.109989
0.169166
0.114908
0.167652
0.110341
0.174341
0.110121
0.150128
0.117598
0.171034
0.110114
0.162882
0.115116
0.194208
0.111523
0.170527
0.115215
0.174678
0.113685
0.18866
0.115384
0.193279
0.11131
0.190277
0.112683
0.152535
0.11596
0.176091
0.111508
0.180453
0.112249
0.179957
0.11088
0.154116
0.117944
